 drv 12 02 23

correction sonde
50.00

angle de rotation
 1.5000

visees balise
 44.53150
 56.5656  56.5656
 56.5656  56.5656

Est magnetique ouverture
  8.8000   8.8000

etalonnage ouverture
12 12 12  42.4242      9.9
12 12 12 342.4242   1634.9
12 12 12 142.4242  -1658.9
12 12 12 242.4242      9.9
12 12 12  42.4242      9.9
12 12 12  42.4242      9.9
12 12 12  42.4242      9.9
12 12 12  42.4242      9.9

Est magnetique fermeture
  8.8000   8.8000

etalonnage fermeture
12 12 12  42.4242      9.9
12 12 12  42.4242      9.9
12 12 12  42.4242      9.9
12 12 12  42.4242      9.9
12 12 12  42.4242      9.9
12 12 12  42.4242      9.9
12 12 12  42.4242      9.9
12 12 12  42.4242      9.9

X serie 1
12 12 12 112.0341      9.0
12 12 12 112.0341      9.0
12 12 12 312.0341      9.0
12 12 12 312.0341      9.0

Y serie 1
12 12 12 212.0341      9.9
12 12 12 212.0341      9.9
12 12 12  12.0341      9.9
12 12 12  12.0341      9.9

X serie 2
12 12 12 112.0341      9.9
12 12 12 112.0341      9.9
12 12 12 312.0341      9.9
12 12 12 312.0341      9.9

Y serie 2
12 12 12 112.0341      9.9
12 12 12 112.0341      9.9
12 12 12 312.0341      9.9
12 12 12 312.0341      9.9
